0 0 1
1 0 1
2 0 1
3 0 1
0 1 1
4 1 1
5 1 1
6 1 1
7 1 1
4 2 1
8 2 1
9 2 1
8 3 1
10 3 1
11 3 1
12 3 1
13 3 1
10 4 1
14 4 1
15 4 1
3 5 1
16 5 1
17 5 1
18 5 1
19 5 1
2 6 1
16 6 1
20 6 1
21 6 1
22 6 1
23 6 1
1 7 1
7 7 1
22 7 1
24 7 1
25 7 1
26 7 1
6 8 1
26 8 1
27 8 1
28 8 1
29 8 1
30 8 1
31 8 1
5 9 1
9 9 1
13 9 1
29 9 1
32 9 1
12 10 1
30 10 1
32 10 1
33 10 1
34 10 1
35 10 1
36 10 1
11 11 1
15 11 1
34 11 1
37 11 1
38 11 1
19 12 1
39 12 1
40 12 1
17 13 1
21 13 1
41 13 1
42 13 1
43 13 1
44 13 1
20 14 1
44 14 1
45 14 1
46 14 1
47 14 1
48 14 1
49 14 1
23 15 1
25 15 1
48 15 1
50 15 1
51 15 1
49 16 1
50 16 1
52 16 1
53 16 1
54 16 1
55 16 1
24 17 1
28 17 1
51 17 1
54 17 1
56 17 1
57 17 1
58 17 1
27 18 1
57 18 1
59 18 1
60 18 1
61 18 1
31 19 1
33 19 1
60 19 1
62 19 1
63 19 1
36 20 1
63 20 1
64 20 1
65 20 1
66 20 1
67 20 1
68 20 1
35 21 1
37 21 1
66 21 1
69 21 1
70 21 1
14 22 1
38 22 1
69 22 1
71 22 1
72 22 1
67 23 1
70 23 1
72 23 1
73 23 1
74 23 1
75 23 1
76 23 1
68 24 1
74 24 1
77 24 1
78 24 1
64 25 1
77 25 1
79 25 1
80 25 1
81 25 1
82 25 1
61 26 1
62 26 1
65 26 1
81 26 1
83 26 1
84 26 1
85 26 1
58 27 1
59 27 1
85 27 1
86 27 1
87 27 1
55 28 1
56 28 1
87 28 1
88 28 1
89 28 1
90 28 1
52 29 1
89 29 1
91 29 1
92 29 1
93 29 1
94 29 1
45 30 1
53 30 1
93 30 1
95 30 1
96 30 1
97 30 1
71 31 1
75 31 1
98 31 1
99 31 1
76 32 1
99 32 1
100 32 1
101 32 1
102 32 1
73 33 1
78 33 1
82 33 1
102 33 1
103 33 1
104 33 1
105 33 1
106 33 1
104 34 1
107 34 1
108 34 1
109 34 1
110 34 1
79 35 1
105 35 1
109 35 1
111 35 1
112 35 1
80 36 1
83 36 1
112 36 1
113 36 1
114 36 1
108 37 1
111 37 1
114 37 1
115 37 1
116 37 1
117 37 1
118 37 1
84 38 1
86 38 1
90 38 1
113 38 1
116 38 1
119 38 1
120 38 1
121 38 1
122 38 1
88 39 1
94 39 1
121 39 1
123 39 1
124 39 1
125 39 1
120 40 1
125 40 1
126 40 1
127 40 1
91 41 1
124 41 1
128 41 1
129 41 1
130 41 1
131 41 1
92 42 1
95 42 1
130 42 1
132 42 1
133 42 1
134 42 1
40 43 1
135 43 1
136 43 1
137 43 1
138 43 1
18 44 1
39 44 1
43 44 1
135 44 1
139 44 1
140 44 1
141 44 1
42 45 1
139 45 1
142 45 1
143 45 1
144 45 1
41 46 1
47 46 1
142 46 1
145 46 1
146 46 1
46 47 1
97 47 1
145 47 1
147 47 1
148 47 1
149 47 1
96 48 1
134 48 1
147 48 1
150 48 1
151 48 1
152 48 1
129 49 1
132 49 1
153 49 1
154 49 1
155 49 1
133 50 1
150 50 1
154 50 1
156 50 1
157 50 1
158 50 1
136 51 1
141 51 1
159 51 1
160 51 1
161 51 1
138 52 1
162 52 1
163 52 1
164 52 1
137 53 1
161 53 1
162 53 1
165 53 1
166 53 1
167 53 1
163 54 1
167 54 1
168 54 1
169 54 1
170 54 1
171 54 1
166 55 1
168 55 1
172 55 1
173 55 1
174 55 1
140 56 1
144 56 1
159 56 1
175 56 1
176 56 1
177 56 1
143 57 1
146 57 1
149 57 1
177 57 1
178 57 1
179 57 1
148 58 1
152 58 1
178 58 1
180 58 1
181 58 1
182 58 1
183 58 1
151 59 1
158 59 1
183 59 1
184 59 1
157 60 1
180 60 1
184 60 1
185 60 1
186 60 1
187 60 1
188 60 1
189 60 1
185 61 1
190 61 1
191 61 1
192 61 1
193 61 1
100 62 1
194 62 1
98 63 1
101 63 1
106 63 1
194 63 1
195 63 1
103 64 1
110 64 1
195 64 1
196 64 1
107 65 1
117 65 1
196 65 1
197 65 1
118 66 1
197 66 1
198 66 1
199 66 1
198 67 1
200 67 1
115 68 1
122 68 1
199 68 1
200 68 1
201 68 1
119 69 1
127 69 1
201 69 1
202 69 1
123 70 1
126 70 1
131 70 1
202 70 1
203 70 1
128 71 1
155 71 1
203 71 1
204 71 1
153 72 1
156 72 1
189 72 1
193 72 1
204 72 1
205 72 1
190 73 1
205 73 1
206 73 1
207 73 1
206 74 1
208 74 1
186 75 1
191 75 1
207 75 1
208 75 1
209 75 1
210 75 1
209 76 1
211 76 1
187 77 1
192 77 1
210 77 1
211 77 1
212 77 1
181 78 1
188 78 1
212 78 1
213 78 1
175 79 1
179 79 1
182 79 1
213 79 1
214 79 1
160 80 1
165 80 1
172 80 1
176 80 1
214 80 1
215 80 1
173 81 1
215 81 1
216 81 1
169 82 1
174 82 1
216 82 1
217 82 1
170 83 1
217 83 1
218 83 1
164 84 1
171 84 1
218 84 1
