0 0 0.002560366756349
1 0 -1.1708957011e-07
19 0 -2.586020978498e-09
20 0 -4.21919637073e-09
21 0 -1.539733401845e-09
22 0 -6.992289087251e-10
23 0 -4.146605957406e-10
25 0 -9.308915110713e-10
26 0 -9.604355274254e-10
41 0 2.171877777815e-10
42 0 3.647892785308e-08
43 0 -1.336119643102e-08
48 0 1.408677324709e-08
49 0 1.305985310558e-09
50 0 -1.305985310558e-09
55 0 1.913774718225e-09
56 0 1.157436047015e-08
58 0 8.188399588829e-10
59 0 3.175236018339e-10
60 0 2.641174449437e-10
61 0 1.806834262368e-09
63 0 1.282846930985e-09
64 0 4.905553913699e-10
66 0 -1.222950896396e-09
67 0 3.400474955813e-09
69 0 7.424492418032e-10
70 0 2.273214423366e-10
71 0 -5.283442852457e-09
72 0 3.062630817767e-09
73 0 3.065874619571e-10
74 0 -5.094621858827e-11
75 0 3.960494500802e-10
77 0 4.877537231018e-10
78 0 -4.040563386643e-11
79 0 2.816301020271e-10
80 0 5.826517970276e-10
81 0 4.086508172586e-10
82 0 -3.911529194823e-11
83 0 2.678169982465e-10
85 0 -8.092386069823e-11
86 0 2.232108616543e-10
88 0 -5.675705795258e-11
89 0 2.189991319367e-10
90 0 3.291028612829e-10
91 0 2.716647717251e-10
92 0 5.497860474784e-10
93 0 6.707083412842e-10
94 0 -4.570873073371e-11
95 0 2.972566894958e-10
97 0 -3.773121829515e-11
98 0 3.084061767158e-10
100 0 -7.635917326112e-11
101 0 -9.31539362895e-11
102 0 1.426533063689e-09
103 0 -3.117499412749e-09
104 0 3.663312222128e-10
105 0 -1.573096874488e-09
106 0 4.411931980445e-10
108 0 5.849297948125e-10
109 0 -5.849297948125e-10
111 0 2.37578324949e-09
112 0 -3.466111061052e-09
113 0 3.907987277182e-10
114 0 9.58833451452e-10
115 0 4.195017191123e-10
117 0 4.11819413623e-10
118 0 -4.11819413623e-10
121 0 1.09032781156e-09
122 0 7.32132897605e-10
123 0 -7.32132897605e-10
124 0 4.496357023427e-10
125 0 4.955473972382e-10
126 0 7.153774580173e-10
127 0 1.479748156533e-09
128 0 6.992289087255e-10
129 0 8.243559438288e-10
130 0 9.604355274199e-10
131 0 4.146605957404e-10
132 0 4.353441138305e-10
135 0 -1.811030893479e-25
136 0 -3.789615200312e-08
139 0 9.673369514853e-13
143 0 -1.408677324709e-08
157 0 -1.157436047015e-08
158 0 -3.720608980593e-09
159 0 -1.116096648379e-09
160 0 -5.853406000804e-10
161 0 -1.773402322355e-09
162 0 -3.400474955813e-09
163 0 -1.138498691883e-09
164 0 -2.273214423366e-10
165 0 -3.062630817767e-09
166 0 -5.640474200845e-10
167 0 -4.473480892354e-10
168 0 -2.425148100789e-10
169 0 -5.017279363293e-10
170 0 -3.51893759306e-10
171 0 -2.232108616543e-10
172 0 -2.189991319367e-10
173 0 -2.833941305492e-10
174 0 -2.3393355343e-10
175 0 -4.734268742175e-10
176 0 -5.775544049947e-10
178 0 -4.411931980445e-10
181 0 -4.195017191123e-10
0 1 -3.383430159138e-16
1 1 0.002562768415974
41 1 3.592572729579e-13
42 1 6.776264827548e-09
44 1 -1.22477633951e-08
45 1 -6.776264827554e-09
50 1 2.084654127474e-09
51 1 -2.084654127467e-09
52 1 -2.084654127479e-09
56 1 6.232347945464e-09
57 1 -6.232347945464e-09
61 1 1.051739346752e-09
62 1 -1.051739346751e-09
64 1 2.855471681108e-10
65 1 -2.855471681108e-10
75 1 2.305362470616e-10
76 1 -2.305362470616e-10
83 1 1.558934765912e-10
84 1 -1.558934765912e-10
95 1 1.730300132886e-10
96 1 -1.730300132886e-10
98 1 1.795200133122e-10
99 1 -1.795200133122e-10
107 1 -7.358794192803e-10
108 1 7.358794192803e-10
109 1 1.097807355488e-09
110 1 -1.097807355488e-09
117 1 5.180953913322e-10
118 1 8.609286077266e-10
119 1 -8.609286077266e-10
120 1 -5.180953913322e-10
135 1 -7.712897469546e-25
136 1 1.224776339511e-08
139 1 -1.998289194383e-13
140 1 -1.59089384321e-13
146 1 -2.5e-06
2 2 0.002580237047555
48 2 3.732994910464e-11
136 2 1.224776339511e-09
141 2 -1.224776339511e-09
142 2 -3.732994910478e-11
143 2 -3.732994910464e-11
145 2 -2e-05
3 3 0.002560236106991
136 3 3.215427927254e-10
137 3 -3.215427927254e-10
4 4 0.002560235791703
136 4 6.25497283521e-12
157 4 -6.25497283521e-12
5 5 0.002560236045299
55 5 -2.598512597553e-10
136 5 2.598512597553e-10
6 6 0.002560238207518
63 6 -1.197293314616e-09
69 6 -1.224776339511e-09
136 6 2.422069654126e-09
7 7 0.002560238204238
58 7 -2.073248123406e-09
59 7 -3.45541353901e-10
136 7 2.418789477308e-09
8 8 0.002560238221515
73 8 -6.046973693266e-10
77 8 -1.831369175675e-09
136 8 2.436066545003e-09
9 9 0.002560239760404
79 9 -4.119702232899e-10
80 9 -2.338209375429e-09
81 9 -1.224776339511e-09
136 9 3.974955938231e-09
10 10 0.002560239292762
90 10 -4.1197022329e-10
91 10 -2.004179464654e-10
92 10 -1.224776339511e-09
93 10 -1.670149553878e-09
136 10 3.507314063145e-09
11 11 0.002560245365513
19 11 -1.824940942984e-14
41 11 1.824919610165e-14
67 11 -9.580046406017e-09
68 11 -1.824919610165e-14
136 11 9.580046406017e-09
12 12 0.002560267253745
19 12 -6.406758531213e-14
20 12 -6.406758531213e-14
41 12 1.281355477283e-13
42 12 -6.406777544864e-14
68 12 -6.406777386417e-14
72 12 -3.146816878888e-08
136 12 3.146816878888e-08
157 12 -6.406777386417e-14
13 13 0.002560236483522
124 13 -6.980733871843e-10
136 13 6.980733871849e-10
14 14 0.00256024291142
102 14 -6.012538393961e-09
136 14 7.125971429882e-09
177 14 -1.113433035919e-09
15 15 0.002560251373511
114 15 -1.224776339511e-08
136 15 1.558806250287e-08
180 15 -3.340299107757e-09
16 16 0.002560262507841
111 16 -2.672239286205e-08
136 16 2.672239286205e-08
17 17 0.002560252486944
121 17 -1.670149553878e-08
136 17 1.670149553879e-08
18 18 0.002560244136196
122 18 -8.350747769391e-09
136 18 8.350747769386e-09
3 19 -1.019050359178e-08
19 19 0.002560245975952
42 19 -1.019050349627e-08
44 19 -4.038103921654e-17
47 19 0
136 19 1.019050345554e-08
137 19 0
139 19 4.072997690462e-17
3 20 0
20 20 0.002560254946453
42 20 0
44 20 -1.865674463727e-17
56 20 -1.916100433649e-08
136 20 1.916100431562e-08
139 20 2.087411316368e-17
157 20 0
3 21 0
5 21 0
21 21 0.002560258054109
42 21 0
55 21 0
61 21 -2.226866071837e-08
136 21 2.226866071836e-08
3 22 0
6 22 0
11 22 0
20 22 0
22 22 0.002560252486944
42 22 0
63 22 0
64 22 -1.670149553878e-08
136 22 1.670149553866e-08
3 23 0
6 23 0
23 23 0.002560252486944
42 23 0
69 23 0
75 23 -1.67014955388e-08
136 23 1.670149553893e-08
3 24 0
7 24 0
12 24 0
20 24 0
24 24 0.002560237455598
42 24 0
59 24 0
83 24 -1.670149553913e-09
136 24 1.670149553913e-09
3 25 0
25 25 0.002560236342165
56 25 0
70 25 -5.567165179605e-10
136 25 5.567165179645e-10
157 25 0
26 26 0.002560239571121
55 26 0
56 26 0
60 26 -3.785672322123e-09
136 26 3.78567232212e-09
27 27 0.002560242132017
55 27 0
61 27 0
89 27 -6.346568304741e-09
136 27 6.346568305847e-09
28 28 0.002560242132017
56 28 0
63 28 0
64 28 0
86 28 -6.346568304728e-09
136 28 6.346568304223e-09
157 28 0
29 29 0.002560235785448
56 29 0
69 29 0
75 29 0
157 29 0
19 30 -1.22477647953e-09
30 30 0.002560237010225
42 30 -1.224776353574e-09
136 30 1.224776337829e-09
20 31 -3.674329017938e-09
31 31 0.002560239459777
42 31 -3.67432901844e-09
136 31 3.674329018535e-09
32 32 0.002560280507511
126 32 -4.472206250153e-08
136 32 4.472206250153e-08
33 33 0.002560311921433
127 33 -7.613598441436e-08
136 33 7.613598441436e-08
34 34 0.002560335994421
129 34 -1.002089732327e-07
136 34 1.002089732327e-07
35 35 0.002560272421112
128 35 -3.663566345244e-08
136 35 3.663566345244e-08
36 36 0.002560307793476
130 36 -7.200802816513e-08
136 36 7.200802816513e-08
37 37 0.002560274529531
131 37 -3.874408291661e-08
136 37 3.874408291661e-08
38 38 0.002560246586652
132 38 -1.080120422477e-08
136 38 1.080120422477e-08
39 39 0.002560297068413
125 39 -6.128296525551e-08
136 39 6.128296525557e-08
40 40 0.002560250260078
136 40 1.447462946702e-08
179 40 -1.447462946694e-08
0 41 0.01959713882917
1 41 -0.0195734543737
11 41 5.470666548231e-07
12 41 1.045301631314e-06
19 41 -1.06971747048e-06
20 41 -5.22650815657e-07
41 41 0.02219765160175
42 41 -5.227136107366e-07
68 41 -1.069713542891e-06
135 41 0
136 41 6.298045247717e-11
138 41 0
139 41 -2.368449673054e-05
147 41 -1.5e-05
157 41 -5.226505491834e-07
0 42 12.85660947467
1 42 -11.61477992426
41 42 3.155818156655e-11
42 42 14.10099940671
45 42 -1.241829550736
46 42 -3.95951429917e-08
48 42 9.156397070899e-09
54 42 -9.156402619557e-09
135 42 -2.952908677967e-24
136 42 -12.85660941827
0 43 0
1 43 -7.348658035297e-09
43 43 0.002560243134106
136 43 7.348658037033e-09
1 44 0
44 44 0.002615235874523
52 44 -3e-05
136 44 8.907464288464e-11
139 44 -8.90746428735e-11
144 44 -2.5e-05
1 45 -0.009866610928398
42 45 -0.009866610928589
45 45 0.01242684671403
42 46 -7.813937183221e-10
44 46 0
46 46 0.002590236566843
53 46 -3e-05
136 46 7.81394413174e-10
139 46 2.086591291478e-17
47 47 0.002560235789603
136 47 4.154625999537e-12
137 47 -4.154625999537e-12
0 48 3.174471475334
1 48 -3.174471475334
2 48 0.007477326419287
19 48 -4.660849919314e-09
30 48 -4.651519116252e-09
42 48 8.206737146991e-09
48 48 3.18450906156
54 48 -8.226488015661e-09
55 48 2.3273038548e-10
56 48 1.157409717687e-10
58 48 6.432076925481e-11
59 48 3.955350175667e-11
60 48 2.130154064686e-11
61 48 6.741586490436e-11
63 48 1.015204377654e-10
64 48 1.830397952409e-11
66 48 -2.130154064686e-11
67 48 2.742345777721e-10
69 48 7.703276924401e-11
70 48 1.832998873123e-11
72 48 2.46989933294e-10
73 48 3.397452682535e-11
75 48 1.477973195675e-11
77 48 3.607477030183e-11
79 48 1.955892376855e-11
80 48 4.046382400654e-11
81 48 2.837604498868e-11
86 48 1.800487364199e-11
89 48 1.76602516474e-11
90 48 2.285559077342e-11
91 48 1.886317747758e-11
92 48 3.818151608009e-11
93 48 4.657598768421e-11
95 48 1.109292684479e-11
98 48 1.150907415902e-11
142 48 -0.007477326380339
143 48 -3.181948808246
157 48 -1.157409717687e-10
158 48 -3.001462503844e-10
159 48 -7.541369609961e-11
160 48 -3.955350175667e-11
161 48 -1.198244172895e-10
162 48 -2.742410800739e-10
163 48 -9.181250120076e-11
164 48 -1.832998873123e-11
165 48 -2.469834309922e-10
166 48 -4.548360098437e-11
167 48 -3.607477030183e-11
168 48 -1.955892376855e-11
169 48 -4.046382400654e-11
170 48 -2.838254729046e-11
171 48 -1.800487364199e-11
172 48 -1.76602516474e-11
173 48 -2.285559077342e-11
174 48 -1.886317747758e-11
175 48 -3.818151608009e-11
176 48 -4.657598768421e-11
0 49 1.587235737478
1 49 -1.587235737627
49 49 1.589795973443
50 49 -1.587235737657
1 50 1.15969220199
50 50 1.16225243772
51 50 -1.159692201935
52 50 -1.159692201935
51 51 0.002560235785448
52 52 0.002560235785448
53 53 0.002560235785448
54 54 0.002560235785448
0 55 0.4920430785978
1 55 -0.4920430786783
48 55 1.760841129905e-10
55 55 0.4946033146353
143 55 -1.760846653791e-10
158 55 -0.4920430788498
0 56 4.126812917873
1 56 -2.503243835186
48 56 1.831229970625e-10
56 56 5.752942236585
57 56 -1.623569082708
143 56 -1.83128052366e-10
157 56 -4.126812918092
1 57 -4.20505517238e-05
56 57 -4.205055172407e-05
57 57 0.002607286337172
148 57 -5e-06
0 58 0.5872772225917
1 58 -0.5872772229227
48 58 1.760985569519e-10
58 58 0.5898374588947
143 58 -1.76084666663e-10
159 58 -0.5872772231093
0 59 0.5872772226272
1 59 -0.5872772228874
48 59 1.761039768105e-10
59 59 0.5898374588947
143 59 -1.760846658855e-10
160 59 -0.5872772231093
0 60 0.4920430782541
1 60 -0.4920430787321
42 60 -0.4920430788507
48 60 1.761058645096e-10
60 60 0.4946033146353
66 60 -0.4920430788499
143 60 -1.760846663789e-10
0 61 1.063447943607
1 61 -0.611167985462
48 61 1.760796391616e-10
55 61 -1.063447944406
61 61 1.518288138946
62 61 -0.4522799587544
143 61 -1.760846641892e-10
1 62 -4.205055172351e-05
61 62 -4.205055172407e-05
62 62 0.002607286337172
149 62 -5e-06
0 63 0.587277222639
1 63 -0.5872772229313
48 63 1.760915824221e-10
63 63 0.5898374588947
143 63 -1.760846645129e-10
161 63 -0.5872772231093
0 64 1.063447944716
1 64 -0.6111679856255
48 64 1.760485001368e-10
63 64 -1.063447944406
64 64 1.518288138946
65 64 -0.4522799587544
143 64 -1.760846620023e-10
1 65 -4.205055171448e-05
64 65 -4.205055172407e-05
65 65 0.002607286337172
150 65 -5e-06
56 66 0
66 66 0.002560235785448
0 67 0.4920430786916
1 67 -0.4920430786737
48 67 1.76087455517e-10
67 67 0.4946033146353
143 67 -1.760846658223e-10
162 67 -0.4920430788499
42 68 -4471.999999998
68 68 2236.002560236
0 69 0.4920430781392
1 69 -0.4920430786817
48 69 1.76081375747e-10
69 69 0.4946033146558
143 69 -1.760846641579e-10
163 69 -0.4920430788704
0 70 0.4920430784468
1 70 -0.4920430787271
48 70 1.76045894176e-10
70 70 0.4946033146352
143 70 -1.760846630309e-10
164 70 -0.4920430788498
3 71 0
20 71 0
71 71 0.002560235785448
0 72 0.4920430786528
1 72 -0.4920430786728
48 72 1.760879170302e-10
72 72 0.4946033146352
143 72 -1.760846649084e-10
165 72 -0.4920430788498
0 73 0.5364856792436
1 73 -0.4920430786501
48 73 1.76076432387e-10
73 73 0.5390459152896
74 73 -0.04444260065442
143 73 -1.760846654441e-10
166 73 -0.4920430788498
52 74 -3.000000000035e-05
74 74 0.002590235785448
0 75 1.063447942908
1 75 -0.611167985407
48 75 1.760890988945e-10
69 75 -1.063447944406
75 75 1.518288138946
76 75 -0.4522799587544
143 75 -1.760846677221e-10
1 76 -4.20505517325e-05
75 76 -4.205055172408e-05
76 76 0.002607286337172
151 76 -5e-06
0 77 0.5364856784025
1 77 -0.4920430785641
48 77 1.760864303599e-10
77 77 0.5390459152898
78 77 -0.04444260065443
143 77 -1.760846692902e-10
167 77 -0.4920430788499
52 78 -3.000000000004e-05
78 78 0.002590235785448
0 79 0.5714048638366
1 79 -0.4920430788403
48 79 1.761313366208e-10
79 79 0.5739651015182
82 79 -0.07936178688284
143 79 -1.760846606554e-10
168 79 -0.4920430788499
0 80 0.5714048658603
1 80 -0.4920430786621
48 80 1.760978635704e-10
80 80 0.5739651015181
85 80 -0.07936178688274
143 80 -1.7608466099e-10
169 80 -0.4920430788498
0 81 0.5714048637404
1 81 -0.4920430786228
48 81 1.76111764434e-10
81 81 0.5739651015181
88 81 -0.07936178688285
143 81 -1.760846745068e-10
170 81 -0.4920430788498
52 82 -2.999999999955e-05
82 82 0.002590235785448
0 83 1.063447940963
1 83 -0.6111679852405
59 83 -1.06344794423
83 83 1.51828813877
84 83 -0.4522799587544
1 84 -4.205055174117e-05
83 84 -4.205055172408e-05
84 84 0.002607286337172
152 84 -5e-06
52 85 -3.000000000001e-05
85 85 0.002590235785448
0 86 0.4920430770882
1 86 -0.492043078801
48 86 1.76116592985e-10
86 86 0.4946033146353
143 86 -1.760846726148e-10
171 86 -0.4920430788499
56 87 0
61 87 0
87 87 0.002560235785448
52 88 -2.999999999991e-05
88 88 0.002590235785448
0 89 0.4920430795657
1 89 -0.4920430786908
48 89 1.760903935369e-10
89 89 0.4946033146352
143 89 -1.760846741761e-10
172 89 -0.4920430788498
0 90 0.5714048645668
1 90 -0.4920430787554
48 90 1.761092705536e-10
90 90 0.5739651015181
94 90 -0.07936178688281
143 90 -1.760846678343e-10
173 90 -0.4920430788498
0 91 0.5714048628028
1 91 -0.4920430784636
48 91 1.760938499993e-10
91 91 0.5739651015181
97 91 -0.07936178688285
143 91 -1.760846559022e-10
174 91 -0.4920430788499
0 92 0.5714048647635
1 92 -0.4920430786719
48 92 1.760842468591e-10
92 92 0.5739651015181
100 92 -0.07936178688332
143 92 -1.760846666463e-10
175 92 -0.4920430788498
0 93 0.5714048650255
1 93 -0.4920430786659
48 93 1.760701683169e-10
93 93 0.5739651015181
101 93 -0.07936178688317
143 93 -1.760846640724e-10
176 93 -0.4920430788498
52 94 -2.999999999991e-05
94 94 0.002590235785448
0 95 1.063447939988
1 95 -0.6111679854925
48 95 1.760865894972e-10
58 95 -1.063447944406
95 95 1.518288138946
96 95 -0.4522799587544
143 95 -1.760846670718e-10
1 96 -4.20505517104e-05
95 96 -4.205055172407e-05
96 96 0.002607286337172
153 96 -5e-06
52 97 -3.000000000023e-05
97 97 0.002590235785448
0 98 1.063447942306
1 98 -0.6111679855538
48 98 1.761258586564e-10
73 98 -1.063447944406
98 98 1.518288138946
99 98 -0.4522799587544
143 98 -1.76084677565e-10
1 99 -4.205055174038e-05
98 99 -4.205055172407e-05
99 99 0.002607286337172
154 99 -5e-06
52 100 -3.000000000001e-05
100 100 0.002590235785448
52 101 -3.000000000001e-05
101 101 0.002590235785448
0 102 0.4920430783954
1 102 -0.4920430786518
42 102 -0.4920430786736
71 102 -0.4920430786731
102 102 0.4946033144592
103 102 -0.4920430786731
103 103 0.002560258054109
104 103 -2.226866071837e-08
136 103 2.226866071835e-08
0 104 0.4920430785024
1 104 -0.4920430786679
42 104 -0.4920430786738
104 104 0.4946033144592
105 104 -0.9840861573462
3 105 0
19 105 0
105 105 0.002560235785448
0 106 0.4920430787744
1 106 -0.4920430786336
106 106 0.4946033144592
178 106 -0.4920430786737
1 107 -4.205055172973e-05
107 107 0.002607286337172
108 107 -4.205055172408e-05
155 107 -5e-06
0 108 0.492043078665
1 108 -0.0397631199438
107 108 -0.4522799587544
108 108 0.9468832732136
109 108 -0.4920430786737
1 109 0.4522799587133
109 109 0.4548401945398
110 109 -0.4522799587545
52 110 -3.000000000002e-05
110 110 0.002590235785448
0 111 0.4920430787639
1 111 -0.4920430786612
42 111 -0.4920430786738
71 111 -0.4920430786741
111 111 0.4946033144592
112 111 -0.4920430786741
112 112 0.002560258054109
113 112 -2.226866071837e-08
136 112 2.226866071842e-08
0 113 0.492043077127
1 113 -0.4920430786716
42 113 -0.4920430786734
71 113 -0.4920430786716
105 113 -0.4920430786716
113 113 0.4946033144592
0 114 0.4920430789374
1 114 -0.4920430786817
42 114 -0.4920430786738
66 114 -0.4920430786737
103 114 -0.4920430786738
114 114 0.4946033144592
0 115 0.4920430771209
1 115 -0.4920430786049
115 115 0.4946033144592
181 115 -0.4920430786738
116 116 0.002560258054109
136 116 2.226866071865e-08
182 116 -2.226866071838e-08
0 117 0.4920430792701
1 117 -0.03976312002707
117 117 0.9468832732136
118 117 -0.4920430786737
120 117 -0.4522799587544
1 118 0.4522799587949
118 118 0.4548401945399
119 118 -0.4522799587544
52 119 -2.999999999999e-05
119 119 0.002590235785448
1 120 -4.210351212105e-05
117 120 -4.210351211667e-05
120 120 0.002607339297565
156 120 -5e-06
0 121 0.4920430788121
1 121 -0.4920430786437
42 121 -0.4920430786738
71 121 -0.4920430786718
112 121 -0.4920430786718
121 121 0.4946033144592
0 122 0.4920430783275
1 122 -0.4920430786632
42 122 -0.4920430786737
103 122 -0.4920430786737
122 122 0.4946033144592
123 122 -0.4920430786737
3 123 0
21 123 0
123 123 0.002560235785448
0 124 0.4920430781638
1 124 -0.4920430787149
42 124 -0.492043078674
105 124 -0.4920430786718
124 124 0.4946033144592
0 125 0.4920430783304
1 125 -0.4920430787081
19 125 -0.4920430787081
25 125 -0.4920430786766
42 125 -0.4920430786737
125 125 0.4946033144592
0 126 0.4920430788384
1 126 -0.4920430786653
19 126 -0.4920430786653
21 126 -0.4920430786707
42 126 -0.4920430786738
126 126 0.4946033144592
0 127 0.4920430782251
1 127 -0.4920430786839
20 127 -0.9840861573261
42 127 -0.4920430786736
127 127 0.4946033144592
0 128 4.920430783576
1 128 -4.920430786231
22 128 -4.920430786735
42 128 -9.840861573471
128 128 4.922991022523
0 129 0.4920430784622
1 129 -0.4920430786878
20 129 -0.4920430786878
21 129 -0.4920430786737
42 129 -0.4920430786737
129 129 0.4946033144592
0 130 0.492043078061
1 130 -0.4920430786408
19 130 -0.4920430787053
26 130 -0.4920430786771
42 130 -0.4920430786737
130 130 0.4946033144592
0 131 0.4920430786715
1 131 -0.4920430786715
19 131 -0.4920430786715
23 131 -0.4920430786738
42 131 -0.4920430786737
131 131 0.4946033144591
0 132 0.4920430771688
1 132 -0.4920430787426
20 132 -0.4920430785995
25 132 -0.4920430786711
42 132 -0.4920430786737
132 132 0.4946033144591
3 133 0
7 133 0
12 133 0
20 133 0
42 133 0
58 133 0
95 133 -1.670149553868e-08
133 133 0.002560252486944
136 133 1.670149553899e-08
3 134 0
8 134 0
12 134 0
20 134 0
42 134 0
73 134 0
98 134 -5.344478572417e-08
134 134 0.002560289230234
136 134 5.344478572347e-08
0 135 -7.111615739898
1 135 7.17828713746
41 135 -88821.07168099
42 135 0
135 135 88835.01890368
136 135 0
137 135 0
0 136 19.04682885138
1 136 12.69780942333
2 136 1.551897928024
3 136 4.542268257074
4 136 0.5229845102146
5 136 0.7613816461353
6 136 1.480230569393
7 136 1.000339760513
8 136 0.512851928463
9 136 0.8853929618887
10 136 1.357290834111
11 136 4.537130330448
12 136 4.055676354829
13 136 0.3312138382014
14 136 2.042784344269
15 136 1.34525930264
16 136 3.076618012512
17 136 1.244411855421
18 136 0.7338649798254
19 136 1.348270950961
20 136 0.6469882275473
21 136 0.2369911487333
22 136 0.04863623886552
23 136 0.02521370220331
24 136 0.0007713506269431
25 136 0.01435088885521
26 136 0.06679405394823
27 136 0.002489159161422
28 136 0.00849074313382
30 136 0.0001270842306168
31 136 0.382161620131
32 136 0.7100070793526
33 136 1.799538208012
34 136 0.865355063926
35 136 0.6870828123593
36 136 1.059317102324
37 136 0.2813771214523
38 136 0.31085305976
39 136 0.3966738983409
40 136 0.0580211220974
41 136 1.174501910599e-09
42 136 -1.730690936564
43 136 -18.9880240538
44 136 -12.75561059991
46 136 4.518678508122e-06
47 136 0.05235981401697
55 136 -0.7613816459101
56 136 -1.029149847639
58 136 -0.8574340804235
59 136 -0.1429056800706
60 136 -0.06679405395313
61 136 -0.2369911487297
63 136 -0.7317172575218
64 136 -0.04863623886561
67 136 -4.537130330346
69 136 -0.7485133118877
70 136 -0.01435088885262
72 136 -4.055676354803
73 136 -0.1273036701897
75 136 -0.02521370220349
77 136 -0.3855482582889
79 136 -0.09176341623108
80 136 -0.5208193894197
81 136 -0.2728101563627
83 136 -0.0007713506269865
86 136 -0.008490743133777
89 136 -0.002489159161422
90 136 -0.1594278122623
91 136 -0.07755947623575
92 136 -0.4739745769963
93 136 -0.6463289686313
95 136 -0.005294262221911
98 136 -0.007368421405836
102 136 -1.723599290493
103 136 0.2124294538529
104 136 -0.2124294538527
111 136 -3.076618012459
112 136 0.2472943022219
113 136 -0.247294302222
114 136 -1.056989452061
116 136 0.01727652875782
121 136 -1.244411855365
122 136 -0.7338649797077
124 136 -0.3312138382308
125 136 -0.3966738983424
126 136 -0.710007079354
127 136 -1.799538208108
128 136 -0.6870828123639
129 136 -0.8653550639193
130 136 -1.059317102321
131 136 -0.2813771214472
132 136 -0.3108530598792
133 136 0.005294262221824
134 136 0.007368421405836
135 136 -3.782226733727e-24
136 136 73.06959962922
137 136 -5.943026113463
139 136 -0.001003621431071
141 136 -1.551897927995
157 136 -0.52298446947
177 136 -0.319185053795
179 136 -0.0580211220982
180 136 -0.2882698505622
182 136 -0.01727652875733
42 137 -7778510.286871
137 137 7778510.289384
135 138 -765000000
136 138 -115453078.1193
138 138 822724342.888
0 139 30.14975346743
1 139 -56.69119543686
3 139 0
19 139 0.0001184669871946
20 139 2.369339743891e-05
42 139 -0.0001178587861442
44 139 -0.0001421603846335
46 139 2.634022891202e-09
56 139 -2.451314668066e-05
135 139 0
139 139 33.79163103904
140 139 -3.623762789545
1 140 -0.01666608622337
52 140 -6.000026836812e-05
139 140 -0.01666609507463
140 140 0.01922185093315
49 141 -5200
141 141 5200.002525756
51 142 -228387.6175097
142 142 228387.6200291
19 143 -9360.000000003
42 143 -9360
143 143 9360.002525756
144 144 0.00252575585851
145 145 0.00252575585851
146 146 0.00252575585851
147 147 0.00252575585851
148 148 0.00252575585851
149 149 0.00252575585851
150 150 0.00252575585851
151 151 0.00252575585851
152 152 0.00252575585851
153 153 0.00252575585851
154 154 0.00252575585851
155 155 0.00252575585851
156 156 0.00252575585851
48 157 -2652000
157 157 2652000.002526
19 158 -33.00000000199
20 158 -192.3999999996
42 158 -192.4
157 158 -33
158 158 225.4025257558
20 159 -1199.999999857
26 159 -1092.000000009
42 159 -1092
55 159 -1200.000000001
159 159 2292.002525756
19 160 -3200.000000038
22 160 -192.3999999999
42 160 -192.3999999999
63 160 -3200
160 160 3392.402525756
21 161 -192.3999999995
42 161 -192.4
161 161 192.4025257559
19 162 -4472.000000018
42 162 -2236
162 162 2236.002525756
20 163 -1099.999999993
25 163 -192.4000000026
42 163 -192.3999999997
157 163 -1100
163 163 1292.402525756
42 164 -192.3999999999
71 164 -192.3999999969
164 164 192.4025257558
19 165 -2236.000000018
20 165 -2236.000000018
42 165 -2236
165 165 2236.002525756
23 166 -192.4000000001
42 166 -192.3999999999
166 166 192.4025257559
25 167 -33.30000000023
157 167 -33.3
167 167 33.30252575586
24 168 -192.4000000003
42 168 -192.4000000003
168 168 192.4025257559
28 169 -192.4000000001
42 169 -192.3999999999
169 169 192.4025257559
27 170 -192.4
42 170 -192.4
170 170 192.4025257559
42 171 -192.3999999997
87 171 -192.4
171 171 192.4025257559
42 172 -192.3999999998
87 172 -192.4
172 172 192.4025257558
42 173 -192.4000000002
133 173 -192.3999999999
173 173 192.4025257559
134 174 -192.4000000002
174 174 192.4025257558
29 175 -192.4
42 175 -192.4
175 175 192.4025257559
25 176 -3199.999999985
55 176 -3200
176 176 3200.002525756
106 177 -2236
177 177 2236.002525756
40 178 -2236.000000006
42 178 -2236.000000001
178 178 2236.002525756
108 179 -2236
179 179 2236.002525756
115 180 -2236
180 180 2236.002525756
42 181 -2236.000000002
116 181 -2235.999999999
181 181 2236.002525756
117 182 -2236.000000002
182 182 2236.002525756
