44 55 -1.863354
54 61 -1.863354
29 37 -1.567398
44 56 -1.490683
54 62 -1.490683
9 12 -1.265823
29 38 -1.253918
44 57 -1.118012
54 63 -1.118012
15 31 -1.05
16 32 -1.05
17 33 -1.05
18 34 -1.05
19 35 -1.05
24 31 -1.05
25 32 -1.05
26 33 -1.05
27 34 -1.05
28 35 -1.05
9 13 -1.012658
10 20 -1
11 21 -1
12 22 -1
13 23 -1
14 24 -1
30 49 -0.9722222
31 50 -0.9722222
32 51 -0.9722222
33 52 -0.9722222
34 53 -0.9722222
39 49 -0.9722222
40 50 -0.9722222
41 51 -0.9722222
42 52 -0.9722222
43 53 -0.9722222
35 25 -0.9583187
36 26 -0.9583187
37 27 -0.9583187
38 28 -0.9583187
49 55 -0.9444444
50 56 -0.9444444
51 57 -0.9444444
52 58 -0.9444444
53 59 -0.9444444
29 39 -0.9404389
20 1 -0.9159533
21 2 -0.9159533
22 3 -0.9159533
23 4 -0.9159533
0 7 -0.8341818
1 8 -0.8341818
2 9 -0.8341818
3 10 -0.8341818
45 43 -0.8242248
46 44 -0.8242248
47 45 -0.8242248
48 46 -0.8242248
4 1 -0.8
5 2 -0.8
6 3 -0.8
7 4 -0.8
8 5 -0.8
9 14 -0.7594937
44 58 -0.7453416
54 64 -0.7453416
29 40 -0.6269592
9 15 -0.5063291
44 59 -0.3726708
54 65 -0.3726708
0 17 -0.3361556
29 41 -0.3134796
1 17 -0.2939196
20 42 -0.2788416
4 0 -0.2788416
21 42 -0.2680186
5 0 -0.2680186
52 54 -0.2667757
53 54 -0.2630706
48 66 -0.2541193
9 16 -0.2531646
37 60 -0.2475675
47 66 -0.2421498
33 48 -0.2362845
42 48 -0.2362845
36 60 -0.2356469
22 42 -0.2323717
6 0 -0.2323717
32 48 -0.2303917
41 48 -0.2303917
17 30 -0.2286264
26 30 -0.2286264
16 30 -0.2232997
25 30 -0.2232997
2 17 -0.2214815
12 19 -0.2144206
11 19 -0.2140392
51 54 -0.2122056
38 60 -0.2074873
10 19 -0.2071759
15 30 -0.2070986
24 30 -0.2070986
35 60 -0.2069954
18 30 -0.2024528
27 30 -0.2024528
13 19 -0.1986768
31 48 -0.1947711
40 48 -0.1947711
46 66 -0.1918557
34 48 -0.18039
43 48 -0.18039
14 19 -0.1656874
30 48 -0.1581626
39 48 -0.1581626
23 42 -0.1575082
7 0 -0.1575082
50 54 -0.1514908
45 66 -0.1443354
19 30 -0.1385226
28 30 -0.1385226
3 17 -0.118986
49 54 -0.1064573
8 0 -0.06325978
8 6 0.01178291
28 0 0.03162989
7 6 0.04759439
39 54 0.05322864
40 54 0.07574542
27 0 0.07875411
24 36 0.08147449
6 6 0.08859262
30 36 0.09052721
28 36 0.09241909
25 36 0.09789015
19 19 0.09941246
34 36 0.1026879
41 54 0.1061028
31 36 0.1087668
26 36 0.1131608
27 36 0.1150555
26 0 0.1161859
5 6 0.1175679
18 19 0.1192061
15 19 0.1243055
32 36 0.1257342
33 36 0.1278394
16 19 0.1284235
17 19 0.1286524
43 54 0.1315353
42 54 0.1333878
25 0 0.1340093
4 6 0.1344622
24 0 0.1394208
30 43 0.25
31 44 0.25
32 45 0.25
33 46 0.25
34 47 0.25
10 12 0.3333333
11 13 0.3333333
12 14 0.3333333
13 15 0.3333333
14 16 0.3333333
24 1 0.4
25 2 0.4
26 3 0.4
27 4 0.4
28 5 0.4
4 12 0.4
4 7 0.4
5 13 0.4
5 8 0.4
6 14 0.4
6 9 0.4
7 10 0.4
7 15 0.4
8 11 0.4
8 16 0.4
49 61 0.4444444
50 62 0.4444444
51 63 0.4444444
52 64 0.4444444
53 65 0.4444444
15 25 0.45
16 26 0.45
17 27 0.45
18 28 0.45
19 29 0.45
39 55 0.4722222
40 56 0.4722222
41 57 0.4722222
42 58 0.4722222
43 59 0.4722222
39 25 0.5
40 26 0.5
41 27 0.5
42 28 0.5
43 29 0.5
49 43 0.5
50 44 0.5
51 45 0.5
52 46 0.5
53 47 0.5
3 15 0.5063291
15 20 0.6
16 21 0.6
17 22 0.6
18 23 0.6
19 24 0.6
23 40 0.6269592
24 37 0.65
25 38 0.65
26 39 0.65
27 40 0.65
28 41 0.65
14 18 0.6666667
30 37 0.7222222
31 38 0.7222222
32 39 0.7222222
33 40 0.7222222
34 41 0.7222222
38 58 0.7453416
48 64 0.7453416
2 14 0.7594937
22 39 0.9404389
59 31 0.5
59 32 0.5
59 33 0.5
59 34 0.5
59 35 0.5
29 42 1
44 60 1
54 66 1
55 18 1
56 10 1
56 11 1
56 7 1
56 8 1
56 9 1
57 12 1
57 13 1
57 14 1
57 15 1
57 16 1
58 20 1
58 21 1
58 22 1
58 23 1
58 24 1
59 31 0.5
59 32 0.5
59 33 0.5
59 34 0.5
59 35 0.5
60 1 1
60 2 1
60 3 1
60 4 1
60 5 1
61 37 1
61 38 1
61 39 1
61 40 1
61 41 1
62 49 1
62 50 1
62 51 1
62 52 1
62 53 1
63 25 1
63 26 1
63 27 1
63 28 1
63 29 1
64 55 1
64 56 1
64 57 1
64 58 1
64 59 1
65 43 1
65 44 1
65 45 1
65 46 1
65 47 1
66 61 1
66 62 1
66 63 1
66 64 1
66 65 1
9 17 1
1 13 1.012658
37 57 1.118012
47 63 1.118012
21 38 1.253918
0 12 1.265823
36 56 1.490683
46 62 1.490683
20 37 1.567398
35 55 1.863354
45 61 1.863354
