0 0  2.83226851852e+06
4 0  1.0e+06
5 0  2.08333333333e+06
6 0 -3.33333333333e+03
10 0  1.0e+06
18 0 -2.8e+06
24 0 -2.89351851852e+04
29 0  2.08333333333e+06
1 1  1.63544753086e+06
3 1 -2.0e+06
5 1  5.55555555555e+06
7 1 -6.66666666667e+03
9 1 -2.0e+06
19 1 -3.08641975309e+04
23 1  5.55555555555e+06
25 1 -1.59791666667e+06
2 2  1.72436728395e+06
3 2 -2.08333333333e+06
4 2 -2.77777777778e+06
8 2 -1.68e+06
20 2 -1.54320987654e+04
22 2 -2.77777777778e+06
26 2 -2.89351851852e+04
27 2 -2.08333333333e+06
3 3  1.00333333333e+09
7 3  2.0e+06
9 3  4.0e+08
21 3 -3.33333333333e+06
26 3  2.08333333333e+06
27 3  1.0e+08
4 4  1.06750000000e+09
6 4 -1.0e+06
10 4  2.0e+08
20 4  2.77777777778e+06
22 4  3.33333333333e+08
28 4 -8.33333333333e+05
5 5  1.53533333333e+09
11 5 -2.0e+06
19 5 -5.55555555555e+06
23 5  6.66666666667e+08
24 5 -2.08333333333e+06
29 5  1.0e+08
6 6  2.83226851852e+06
10 6 -1.0e+06
11 6  2.08333333333e+06
12 6 -2.8e+06
30 6 -2.89351851852e+04
35 6  2.08333333333e+06
7 7  1.63544753086e+06
9 7  2.0e+06
11 7  5.55555555555e+06
13 7 -3.08641975309e+04
17 7  5.55555555555e+06
31 7 -1.59791666667e+06
8 8  1.72436728395e+06
9 8 -2.08333333333e+06
10 8 -2.77777777778e+06
14 8 -1.54320987654e+04
16 8 -2.77777777778e+06
32 8 -2.89351851852e+04
33 8 -2.08333333333e+06
9 9  1.00333333333e+09
15 9 -3.33333333333e+06
32 9  2.08333333333e+06
33 9  1.0e+08
10 10  1.06750000000e+09
14 10  2.77777777778e+06
16 10  3.33333333333e+08
34 10 -8.33333333333e+05
11 11  1.53533333333e+09
13 11 -5.55555555555e+06
17 11  6.66666666667e+08
30 11 -2.08333333333e+06
35 11  1.0e+08
12 12  2.83609946950e+06
16 12 -2.14928529451e+06
17 12  2.35916180402e+06
18 12 -3.33333333333e+03
22 12 -1.0e+06
36 12 -2.89351851852e+04
41 12  2.08333333333e+06
42 12 -3.83095098171e+03
46 12 -1.14928529451e+06
47 12  2.75828470683e+05
13 13  1.76741074446e+06
14 13  5.17922131816e+05
15 13  4.29857058902e+06
17 13 -5.55555555555e+06
19 13 -6.66666666667e+03
21 13  2.0e+06
37 13 -1.59791666667e+06
43 13 -1.31963213599e+05
44 13 -5.17922131816e+05
45 13  2.29857058902e+06
14 14  3.89003806848e+06
15 14 -2.63499027470e+06
16 14  2.77777777778e+06
20 14 -1.68e+06
38 14 -2.89351851852e+04
39 14 -2.08333333333e+06
43 14 -5.17922131816e+05
44 14 -2.16567078453e+06
45 14 -5.51656941367e+05
15 15  1.97572063531e+09
19 15 -2.0e+06
21 15  4.0e+08
38 15  2.08333333333e+06
39 15  1.0e+08
43 15 -2.29857058902e+06
44 15  5.51656941366e+05
45 15  4.86193650990e+08
16 16  1.52734651547e+09
17 16 -1.09779731332e+08
18 16  1.0e+06
22 16  2.0e+08
40 16 -8.33333333333e+05
42 16  1.14928529451e+06
46 16  2.29724661236e+08
47 16 -5.57173510779e+07
17 17  1.56411143711e+09
23 17 -2.0e+06
36 17 -2.08333333333e+06
41 17  1.0e+08
42 17 -2.75828470683e+05
46 17 -5.57173510779e+07
47 17  1.09411960038e+07
18 18  2.83226851852e+06
22 18  1.0e+06
23 18  2.08333333333e+06
42 18 -2.89351851852e+04
47 18  2.08333333333e+06
19 19  1.63544753086e+06
21 19 -2.0e+06
23 19 -5.55555555555e+06
43 19 -1.59791666667e+06
20 20  1.72436728395e+06
21 20 -2.08333333333e+06
22 20  2.77777777778e+06
44 20 -2.89351851852e+04
45 20 -2.08333333333e+06
21 21  1.00333333333e+09
44 21  2.08333333333e+06
45 21  1.0e+08
22 22  1.06750000000e+09
46 22 -8.33333333333e+05
23 23  1.53533333333e+09
42 23 -2.08333333333e+06
47 23  1.0e+08
24 24  6.08796296296e+04
28 24  1.25e+06
29 24  4.16666666667e+05
30 24 -4.16666666667e+03
34 24  1.25e+06
25 25  3.37291666667e+06
27 25 -2.5e+06
31 25 -8.33333333333e+03
33 25 -2.5e+06
26 26  2.41171296296e+06
27 26 -4.16666666667e+05
32 26 -2.35500000000e+06
27 27  1.5e+09
31 27  2.5e+06
33 27  5.0e+08
28 28  5.01833333333e+08
30 28 -1.25e+06
34 28  2.5e+08
29 29  5.02500000000e+08
35 29 -2.5e+06
30 30  3.98587962963e+06
34 30 -1.25e+06
35 30  4.16666666667e+05
36 30 -3.92500000000e+06
31 31  3.41149691358e+06
33 31  2.5e+06
35 31  6.94444444444e+06
37 31 -3.85802469136e+04
41 31  6.94444444445e+06
32 32  2.43100308642e+06
33 32 -4.16666666667e+05
34 32 -3.47222222222e+06
38 32 -1.92901234568e+04
40 32 -3.47222222222e+06
33 33  1.50416666667e+09
39 33 -4.16666666667e+06
34 34  1.33516666667e+09
38 34  3.47222222222e+06
40 34  4.16666666667e+08
35 35  2.16916666667e+09
37 35 -6.94444444444e+06
41 35  8.33333333333e+08
36 36  3.98587962963e+06
40 36 -1.25e+06
41 36  4.16666666667e+05
42 36 -4.16666666667e+03
46 36 -1.25e+06
37 37  3.41149691358e+06
39 37  2.5e+06
41 37 -6.94444444445e+06
43 37 -8.33333333333e+03
45 37  2.5e+06
38 38  2.43100308642e+06
39 38 -4.16666666667e+05
40 38  3.47222222222e+06
44 38 -2.35500000000e+06
39 39  1.50416666667e+09
43 39 -2.5e+06
45 39  5.0e+08
40 40  1.33516666667e+09
42 40  1.25e+06
46 40  2.5e+08
41 41  2.16916666667e+09
47 41 -2.5e+06
42 42  6.47105806113e+04
46 42  2.39928529451e+06
47 42  1.40838195984e+05
43 43  3.50487988027e+06
44 43  5.17922131816e+05
45 43 -4.79857058902e+06
44 44  4.57738374749e+06
45 44  1.34990274700e+05
45 45  2.47238730198e+09
46 46  9.61679848804e+08
47 46 -1.09779731332e+08
47 47  5.31278103775e+08
