0 0 1
1 0 1
2 0 1
3 0 1
6 0 1
25 0 1
0 1 1
1 1 1
8 1 1
20 1 1
27 1 1
1 2 1
2 2 1
5 2 1
7 2 1
8 2 1
28 2 1
2 3 1
3 3 1
4 3 1
11 3 1
2 4 1
4 4 1
22 4 1
26 4 1
0 5 1
5 5 1
15 5 1
2 6 1
6 6 1
13 6 1
20 6 1
30 6 1
0 7 1
7 7 1
11 7 1
16 7 1
26 7 1
6 8 1
8 8 1
9 8 1
12 8 1
18 8 1
22 8 1
26 8 1
0 9 1
9 9 1
10 9 1
20 9 1
22 9 1
24 9 1
26 9 1
1 10 1
10 10 1
14 10 1
17 10 1
28 10 1
5 11 1
11 11 1
23 11 1
10 12 1
12 12 1
2 13 1
13 13 1
1 14 1
14 14 1
19 14 1
3 15 1
15 15 1
21 15 1
3 16 1
15 16 1
16 16 1
5 17 1
9 17 1
17 17 1
19 17 1
29 17 1
0 18 1
18 18 1
25 18 1
7 19 1
15 19 1
19 19 1
2 20 1
20 20 1
31 20 1
10 21 1
21 21 1
1 22 1
16 22 1
20 22 1
22 22 1
11 23 1
23 23 1
25 23 1
5 24 1
14 24 1
17 24 1
23 24 1
24 24 1
12 25 1
17 25 1
21 25 1
25 25 1
4 26 1
23 26 1
25 26 1
26 26 1
8 27 1
27 27 1
2 28 1
4 28 1
26 28 1
28 28 1
31 28 1
11 29 1
16 29 1
22 29 1
29 29 1
12 30 1
13 30 1
30 30 1
