0 0 1
1 0 1
5 0 1
7 0 1
9 0 1
18 0 1
0 1 1
1 1 1
2 1 1
10 1 1
14 1 1
22 1 1
0 2 1
2 2 1
3 2 1
4 2 1
6 2 1
13 2 1
20 2 1
28 2 1
0 3 1
3 3 1
15 3 1
16 3 1
3 4 1
4 4 1
26 4 1
28 4 1
2 5 1
5 5 1
11 5 1
17 5 1
24 5 1
0 6 1
6 6 1
8 6 1
2 7 1
7 7 1
19 7 1
1 8 1
2 8 1
8 8 1
27 8 1
8 9 1
9 9 1
17 9 1
9 10 1
10 10 1
12 10 1
21 10 1
3 11 1
7 11 1
11 11 1
23 11 1
29 11 1
8 12 1
12 12 1
25 12 1
30 12 1
6 13 1
13 13 1
30 13 1
10 14 1
14 14 1
24 14 1
5 15 1
15 15 1
16 15 1
19 15 1
7 16 1
16 16 1
22 16 1
29 16 1
10 17 1
17 17 1
24 17 1
25 17 1
8 18 1
18 18 1
14 19 1
17 19 1
19 19 1
1 20 1
6 20 1
9 20 1
20 20 1
22 20 1
15 21 1
21 21 1
25 21 1
4 22 1
8 22 1
9 22 1
22 22 1
29 22 1
11 23 1
23 23 1
24 23 1
26 23 1
9 24 1
24 24 1
0 25 1
18 25 1
23 25 1
25 25 1
26 25 1
4 26 1
7 26 1
8 26 1
9 26 1
26 26 1
28 26 1
1 27 1
27 27 1
2 28 1
10 28 1
28 28 1
17 29 1
29 29 1
6 30 1
30 30 1
20 31 1
28 31 1
