2 0 1
3 1 1
6 2 1
7 3 1
8 4 1
9 5 1
12 6 1
13 7 1
16 8 1
17 9 1
18 10 1
19 11 1
20 12 1
21 13 1
22 14 1
23 15 1
24 16 1
25 17 1
26 18 1
0 19 -1
1 19 -1.06
2 19 1
23 19 0.301
0 20 1
3 20 -1
0 21 1
21 21 -1
1 22 1
25 22 1
4 23 -1
5 23 -1.06
6 23 1
24 23 0.301
4 24 -1
5 24 -1.06
7 24 1
24 24 0.313
4 25 -1
5 25 -0.96
8 25 1
24 25 0.313
4 26 -1
5 26 -0.86
9 26 1
24 26 0.326
6 27 -1
20 27 2.364
7 28 -1
20 28 2.386
8 29 -1
20 29 2.408
9 30 -1
20 30 2.429
3 31 1.4
4 31 1
4 32 1
22 32 -1
5 33 1
26 33 1
10 34 -1
11 34 -0.43
12 34 1
21 34 0.109
10 35 1
13 35 -1
10 36 1
23 36 -1
10 37 1
20 37 -1
11 38 1
25 38 1
14 39 -0.43
15 39 1
16 39 1
22 39 0.109
14 40 -0.43
15 40 1
17 40 1
22 40 0.108
14 41 -0.39
15 41 1
18 41 1
22 41 0.108
14 42 -0.37
15 42 1
19 42 1
22 42 0.107
16 43 -1
20 43 2.191
17 44 -1
20 44 2.219
18 45 -1
20 45 2.249
19 46 -1
20 46 2.279
13 47 1.4
15 47 -1
15 48 1
24 48 -1
14 49 1
26 49 1
15 50 1
